mass_A
t	x	y	v_{x}	v_{y}	v	a_{x}	a_{y}	a
2.000000000E-2	7.260873467E-3	3.049401874E-1	1.068055595E-1	-2.417569630E-1	2.642988019E-1			
3.000000000E-2	8.474429354E-3	3.019531561E-1	1.290502870E-1	-3.109917523E-1	3.367043905E-1	3.109108587E0	-7.560352695E0	8.174685870E0
4.000000000E-2	9.841879207E-3	2.987203523E-1	1.650623089E-1	-3.802074489E-1	4.144915802E-1	3.790874687E0	-6.500386096E0	7.525008325E0
5.000000000E-2	1.177567553E-2	2.943490071E-1	2.095492558E-1	-4.532120435E-1	4.993115731E-1	3.626435593E0	-5.640052260E0	6.705313162E0
6.000000000E-2	1.403286432E-2	2.896561114E-1	2.366097434E-1	-4.869471263E-1	5.413886538E-1	2.647234421E0	-4.435636756E0	5.165532259E0
7.000000000E-2	1.650787040E-2	2.846100646E-1	2.613212904E-1	-5.396644653E-1	5.996053302E-1	3.427313092E0	-5.804676467E0	6.740974997E0
8.000000000E-2	1.925929013E-2	2.788628221E-1	3.034980638E-1	-6.060588553E-1	6.778041095E-1	4.515929646E0	-5.979798671E0	7.493437977E0
9.000000000E-2	2.257783168E-2	2.724888875E-1	3.545281046E-1	-6.599782461E-1	7.491738532E-1	3.956133539E0	-5.538798239E0	6.806561431E0
1.000000000E-1	2.634985222E-2	2.656632572E-1	3.840673757E-1	-7.142802159E-1	8.109895042E-1	4.905942598E0	-5.459911650E0	7.340225338E0
1.100000000E-1	3.025917919E-2	2.582032832E-1	4.438147607E-1	-7.713852936E-1	8.899476462E-1	5.271964509E0	-4.976526198E0	7.249787776E0
1.200000000E-1	3.522614744E-2	2.502355513E-1	5.027677865E-1	-8.140633697E-1	9.568043776E-1	5.517437006E0	-4.855857836E0	7.349929690E0
1.300000000E-1	4.031453492E-2	2.419220158E-1	5.434053893E-1	-8.650078984E-1	1.021532222E0	5.422910147E0	-4.423749912E0	6.998393940E0
1.400000000E-1	4.609425522E-2	2.329353934E-1	6.149520345E-1	-9.083061648E-1	1.096898397E0	6.233811495E0	-2.358726021E0	6.665132721E0
1.500000000E-1	5.261357561E-2	2.237558925E-1	6.709870927E-1	-9.111075653E-1	1.131521398E0	5.752140699E0	-2.203373199E0	6.159705843E0
1.600000000E-1	5.951399708E-2	2.147132421E-1	7.251420236E-1	-9.434439345E-1	1.189923280E0	6.704770635E0	-3.279781210E0	7.463974414E0
1.700000000E-1	6.711641608E-2	2.048870138E-1	8.058705173E-1	-9.880931823E-1	1.275051147E0	9.014324331E0	-3.539345577E0	9.684266119E0
1.800000000E-1	7.563140742E-2	1.949513784E-1	9.057070077E-1	-1.008117660E0	1.355214522E0	9.345613180E0	-1.010632294E0	9.400099114E0
1.900000000E-1	8.523055624E-2	1.847246606E-1	9.965226849E-1	-1.013056308E0	1.421035026E0	7.432956762E0	6.352765054E-1	7.460055125E0
2.000000000E-1	9.556186112E-2	1.746902523E-1	1.054087653E0	-9.921925845E-1	1.447600395E0	6.094300302E0	1.003254059E0	6.176326973E0
2.100000000E-1	1.063123093E-1	1.648808089E-1	1.113651522E0	-9.898752372E-1	1.489990838E0	6.159407042E0	2.307376280E0	6.577406815E0
2.200000000E-1	1.178348916E-1	1.548927475E-1	1.181180629E0	-9.562789511E-1	1.519755609E0	4.686058703E1	-1.783900800E2	1.844422275E2
2.400000000E-1	1.567983515E-1	7.308398664E-2	1.376765603E0	-9.119701672E-1	1.651415488E0	-3.134487313E1	1.844106348E2	1.870555620E2
2.600000000E-1	1.716963322E-1	1.193704895E-1	1.445306546E0	-8.369597802E-1	1.670153492E0	4.323767011E1	-1.812007779E2	1.862879976E2
2.700000000E-1	1.863773649E-1	1.107766309E-1	1.512956622E0	-8.679015087E-1	1.744216377E0	7.872552409E0	-1.648072475E0	8.043209826E0
2.800000000E-1	2.019554647E-1	1.020124593E-1	1.605502893E0	-8.700588739E-1	1.826100212E0	5.949111738E0	9.778570050E-1	6.028941433E0
2.900000000E-1	2.184874227E-1	9.337545346E-2	1.640912534E0	-8.476098684E-1	1.846899140E0	4.100379656E0	8.517394603E-1	4.187908002E0
3.000000000E-1	2.347737153E-1	8.506026198E-2	1.671117901E0	-8.471080734E-1	1.873560014E0	4.329610968E0	1.673630114E0	4.641828185E0
3.100000000E-1	2.519097807E-1	7.643329199E-2	1.737925045E0	-8.261158038E-1	1.924279289E0	5.865839848E0	3.324093226E0	6.742230558E0
3.200000000E-1	2.695322162E-1	6.853794590E-2	1.785929351E0	-7.706458447E-1	1.945106338E0	4.734039061E0	5.492654005E0	7.251232574E0
3.300000000E-1	2.876283678E-1	6.102037510E-2	1.832613629E0	-7.205499764E-1	1.969178758E0	3.888662536E0	6.116165272E0	7.247701287E0
3.400000000E-1	3.061844888E-1	5.412694637E-2	1.865480184E0	-6.480094006E-1	1.974824676E0	7.810590310E0	1.480640834E1	1.674022249E1
3.500000000E-1	3.249379714E-1	4.806018709E-2	1.974232998E0	-4.407710943E-1	2.022838375E0	3.952481926E0	3.476794333E0	5.264049032E0
3.600000000E-1	3.456691488E-1	4.531152449E-2	1.984090986E0	-5.042130827E-1	2.047156045E0	1.274987153E0	1.092612684E0	1.679105333E0
3.700000000E-1	3.646197912E-1	3.797592543E-2	1.952031899E0	-5.363237836E-1	2.024369466E0	6.713610733E-1	6.410200142E0	6.445261170E0
3.800000000E-1	3.847097868E-1	3.458504881E-2	2.024323636E0	-2.934165194E-1	2.045477801E0	4.699322739E0	1.948041739E1	2.003921895E1
3.900000000E-1	4.051062639E-1	3.210759505E-2	2.041932084E0	-1.725809080E-1	2.049212240E0	5.951013071E-1	1.388952050E1	1.390226332E1
4.000000000E-1	4.255484285E-1	3.113343065E-2	2.035880096E0	-1.276767617E-2	2.035920130E0	-1.921025543E0	1.531415179E1	1.543416937E1
4.100000000E-1	4.458238658E-1	3.185224152E-2	2.004145956E0	1.377411298E-1	2.008873722E0	-1.289593155E0	1.632599990E1	1.637685328E1
4.200000000E-1	4.656313476E-1	3.388825325E-2	2.001613327E0	3.058673437E-1	2.024848326E0	-2.327363730E0	1.830226918E1	1.844965255E1
4.300000000E-1	4.858561323E-1	3.796958840E-2	1.973849665E0	5.091639258E-1	2.038462755E0	-5.641073535E0	1.741724690E1	1.830798187E1
4.400000000E-1	5.051083409E-1	4.407153177E-2	1.878580135E0	6.611843701E-1	1.991539127E0			
4.800000000E-1	5.724063091E-1	8.123540221E-2	1.447376163E0	1.140788036E0	1.842903986E0			
4.900000000E-1	5.862353901E-1	9.292661155E-2	1.330842711E0	1.168739937E0	1.771184734E0	-9.495370977E0	9.405884025E-1	9.541843456E0
5.000000000E-1	5.990231633E-1	1.046102009E-1	1.255174478E0	1.157057835E0	1.707116224E0	-5.294897281E0	-8.132969344E-1	5.356994412E0
5.100000000E-1	6.113388796E-1	1.160677682E-1	1.226380585E0	1.148856688E0	1.680440724E0	-2.708916988E0	-1.456726682E0	3.075757447E0
5.200000000E-1	6.235507750E-1	1.275873347E-1	1.205172908E0	1.133115097E0	1.654204207E0	-2.621827277E0	-4.068319067E0	4.839958502E0
5.300000000E-1	6.354423378E-1	1.387300702E-1	1.172490292E0	1.068240330E0	1.586149705E0	-1.486640021E0	-5.066493666E0	5.280100057E0
5.400000000E-1	6.470005809E-1	1.489521413E-1	1.170823715E0	1.021434849E0	1.553755876E0	-1.683791247E0	-7.575276006E0	7.760152030E0
5.500000000E-1	6.588588121E-1	1.591587672E-1	1.150523649E0	9.352868679E-1	1.482722561E0	-2.061058774E0	-9.283084677E0	9.509133735E0
5.600000000E-1	6.700110538E-1	1.676578787E-1	1.117105449E0	8.162930083E-1	1.383567440E0	1.545723299E-1	-9.533661213E0	9.534914197E0
5.700000000E-1	6.812009211E-1	1.754846273E-1	1.154169302E0	7.516387257E-1	1.377340753E0	1.406529010E0	-8.326591192E0	8.444551186E0
5.800000000E-1	6.930944399E-1	1.826906532E-1	1.159310996E0	6.550595922E-1	1.331579910E0	1.945917331E-2	-9.452935878E0	9.452955907E0
5.900000000E-1	7.043871410E-1	1.885858192E-1	1.139489395E0	5.534408513E-1	1.266780509E0	-2.667609016E0	-9.074480530E0	9.458453085E0
6.000000000E-1	7.158842278E-1	1.937594702E-1	1.117737480E0	4.782183089E-1	1.215742500E0	-2.857822007E0	-8.899717137E0	9.347305053E0
6.100000000E-1	7.267418906E-1	1.981501853E-1	1.073491911E0	3.781224042E-1	1.138139462E0			
6.500000000E-1	7.733694697E-1	2.038140187E-1	1.113918852E0	-2.678711597E-2	1.114240888E0			
6.600000000E-1	7.843243089E-1	2.034506190E-1	1.132102980E0	-1.266652568E-1	1.139166908E0	3.767522555E0	-1.141643200E1	1.202202752E1
6.700000000E-1	7.960115293E-1	2.012807136E-1	1.198160026E0	-2.717373197E-1	1.228588059E0	2.355931028E0	-1.141066780E1	1.165134116E1
6.800000000E-1	8.082875094E-1	1.980158726E-1	1.188050766E0	-3.537253311E-1	1.239591156E0	-1.649155649E0	-8.824559279E0	8.977335953E0
6.900000000E-1	8.197725447E-1	1.942062069E-1	1.149526179E0	-4.397877251E-1	1.230781735E0	-1.569484746E0	-8.946876936E0	9.083495433E0
7.000000000E-1	8.312780330E-1	1.892201181E-1	1.161096113E0	-5.397062565E-1	1.280401119E0	2.011158703E0	-9.089131751E0	9.308978210E0
7.100000000E-1	8.429944669E-1	1.834120818E-1	1.189995094E0	-6.193962174E-1	1.341543886E0	1.345863780E0	-1.035789824E1	1.044497034E1
7.200000000E-1	8.550779349E-1	1.768321937E-1	1.193824582E0	-7.402657695E-1	1.404710127E0	-3.637740421E-1	-1.136775260E1	1.137357159E1
7.300000000E-1	8.668709585E-1	1.686067664E-1	1.176367939E0	-8.594703701E-1	1.456890814E0	4.011285813E-1	-1.079755887E1	1.080500725E1
7.400000000E-1	8.786052937E-1	1.596427863E-1	1.199377120E0	-9.476868678E-1	1.528599318E0	5.469450252E-1	-9.575274263E0	9.590882445E0
7.500000000E-1	8.908585009E-1	1.496530291E-1	1.198911280E0	-1.052682101E0	1.595471047E0	1.750286542E0	-1.057094228E1	1.071486461E1
7.600000000E-1	9.025835193E-1	1.385891443E-1	1.216802412E0	-1.159531543E0	1.680809778E0	7.415595037E-2	-5.730183304E0	5.730663121E0
7.700000000E-1	9.151945492E-1	1.264623982E-1	1.222359297E0	-1.179531844E0	1.698663481E0	2.483307233E0	-2.415212594E0	3.464111240E0
7.800000000E-1	9.270307052E-1	1.149985075E-1	1.240888442E0	-1.185226378E0	1.715973687E0	3.382317048E0	-2.652409614E0	4.298295636E0
7.900000000E-1	9.400123180E-1	1.027578706E-1	1.310186264E0	-1.245367665E0	1.807630678E0	5.982891668E0	-1.660641946E0	6.209084022E0
8.000000000E-1	9.532344305E-1	9.009115416E-2	1.351601539E0	-1.224939603E0	1.824089842E0			
8.400000000E-1	1.015393404E0	4.293081545E-2	1.687581605E0	-9.833532208E-1	1.953180798E0			
8.500000000E-1	1.032604053E0	3.397123357E-2	1.857080718E0	-8.494559347E-1	2.042137160E0	1.158728433E1	1.691653649E1	2.050449621E1
8.600000000E-1	1.052535018E0	2.594169676E-2	1.958367008E0	-6.640627054E-1	2.067892796E0	1.109404397E1	1.712646006E1	2.040572091E1
8.700000000E-1	1.071771393E0	2.068997946E-2	2.033861706E0	-4.802973959E-1	2.089803585E0	5.176514455E0	1.981959210E1	2.048444612E1
8.800000000E-1	1.093212252E0	1.633574884E-2	2.104068142E0	-2.947826766E-1	2.124617512E0	5.907800929E0	2.138585044E1	2.218685897E1
8.900000000E-1	1.113852756E0	1.479432593E-2	2.117239309E0	-3.572482056E-2	2.117540686E0	-2.681511594E0	2.680025277E1	2.693406863E1
9.000000000E-1	1.135557039E0	1.562125243E-2	2.083736185E0	2.334304823E-1	2.096770441E0			
