mass_A
t	x	y	v_{x}	v_{y}	v	a_{x}	a_{y}	
2.000000000E-2	1.566320686E-2	3.526373314E-1	7.710043596E-2	-1.523054920E-1	1.707086410E-1	3.509507552E0	-5.862468239E0	6.832655202E0
3.000000000E-2	1.665350607E-2	3.507931521E-1	1.038870288E-1	-1.952021711E-1	2.211253091E-1	1.699102051E0	-6.586682992E0	6.802304067E0
4.000000000E-2	1.774094743E-2	3.487332880E-1	1.092632758E-1	-2.729645660E-1	2.940206077E-1	1.677842853E0	-8.053367837E0	8.226292613E0
5.000000000E-2	1.883877158E-2	3.453338608E-1	1.335088483E-1	-3.696251840E-1	3.929979507E-1	3.022953633E0	-9.274248611E0	9.754482865E0
6.000000000E-2	2.041112440E-2	3.413407843E-1	1.740281810E-1	-4.501051499E-1	4.825768890E-1	2.942689059E0	-7.345062435E0	7.912607729E0
7.000000000E-2	2.231933520E-2	3.363317578E-1	1.934023565E-1	-5.235625264E-1	5.581417298E-1	1.088205368E0	-6.677328981E0	6.765420404E0
8.000000000E-2	2.427917153E-2	3.308695338E-1	1.943624130E-1	-5.782883456E-1	6.100771740E-1	3.127893410E0	-6.803346226E0	7.487939440E0
9.000000000E-2	2.620658346E-2	3.247659909E-1	2.473298814E-1	-6.586540564E-1	7.035603999E-1	3.198551361E0	-5.201740054E0	6.106458089E0
1.000000000E-1	2.922576916E-2	3.176964526E-1	2.776314058E-1	-6.934686809E-1	7.469792560E-1	2.192713637E0	-5.686829679E0	6.094917956E0
1.100000000E-1	3.175921158E-2	3.108966173E-1	2.735587883E-1	-7.514310037E-1	7.996767872E-1	1.167899998E0	-5.144843739E0	5.275737627E0
1.200000000E-1	3.469694492E-2	3.026678326E-1	3.081769288E-1	-8.192271798E-1	8.752749235E-1	2.786618166E0	-7.709509422E0	8.197668957E0