mass_A
t	x	y	v_{x}	v_{y}	v	a_{x}	a_{y}	a
1.000000000E-2	4.871966051E-2	2.994463375E-1	7.358677990E-3	-4.457309797E-2	4.517644524E-2			
2.000000000E-2	4.882114110E-2	2.986467357E-1	4.799406376E-2	-1.077464652E-1	1.179522400E-1	3.840459321E0	-5.965917143E0	7.095159981E0
3.000000000E-2	4.967954179E-2	2.972914082E-1	9.348971849E-2	-1.628697924E-1	1.877948262E-1	4.797854394E0	-6.500415279E0	8.079282492E0
4.000000000E-2	5.069093547E-2	2.953893398E-1	1.357813406E-1	-2.351722517E-1	2.715558146E-1	3.778656106E0	-7.773758171E0	8.643469099E0
5.000000000E-2	5.239516860E-2	2.925879631E-1	1.769371864E-1	-3.213932709E-1	3.668792751E-1	2.797390257E0	-7.010478641E0	7.547993311E0
6.000000000E-2	5.422967920E-2	2.889614744E-1	1.879926069E-1	-3.784834270E-1	4.226001950E-1	1.645198066E0	-4.248537624E0	4.555957486E0
7.000000000E-2	5.615502074E-2	2.850182946E-1	2.079989260E-1	-4.036599583E-1	4.540979136E-1	3.712494585E0	-4.731207703E0	6.013895773E0
8.000000000E-2	5.838965772E-2	2.808882753E-1	2.606936483E-1	-4.659505485E-1	5.339204921E-1	5.413192203E0	-6.153162610E0	8.195368200E0
9.000000000E-2	6.136889370E-2	2.756992836E-1	3.213447646E-1	-5.378146124E-1	6.265038029E-1	5.507710049E0	-6.124348197E0	8.236656532E0
1.000000000E-1	6.481655301E-2	2.701319830E-1	3.687891573E-1	-5.825843655E-1	6.894998081E-1	3.505863651E0	-4.903974191E0	6.028270300E0
1.100000000E-1	6.874467685E-2	2.640475963E-1	3.947089917E-1	-6.365613138E-1	7.490030002E-1	4.099146529E0	-5.038435657E0	6.495293383E0
1.200000000E-1	7.271073285E-2	2.574007567E-1	4.414725255E-1	-6.848183106E-1	8.147847012E-1	5.655481159E0	-4.323474643E0	7.118770970E0
1.300000000E-1	7.757412736E-2	2.503512301E-1	5.161133749E-1	-7.222892973E-1	8.877357967E-1	5.803450382E0	-3.217002118E0	6.635445649E0
1.400000000E-1	8.303300034E-2	2.429549708E-1	5.579198690E-1	-7.497841638E-1	9.345859363E-1	5.823725444E0	-4.126899227E0	7.137721995E0
1.500000000E-1	8.873252474E-2	2.353555468E-1	6.240448555E-1	-7.995891509E-1	1.014285360E0	5.997445688E0	-3.597815202E0	6.993827922E0
1.600000000E-1	9.551389745E-2	2.269631878E-1	6.899213765E-1	-8.325693062E-1	1.081278482E0	6.772110460E0	-1.803418806E0	7.008123820E0
1.700000000E-1	1.025309523E-1	2.187041607E-1	7.484488411E-1	-8.278156812E-1	1.115999314E0	6.450869095E0	-1.642587331E0	6.656711292E0
1.800000000E-1	1.104828743E-1	2.104068741E-1	8.261832654E-1	-8.622710708E-1	1.194190181E0	7.679380082E0	-1.823494155E0	7.892908803E0
1.900000000E-1	1.190546176E-1	2.014587393E-1	8.983335249E-1	-8.759980374E-1	1.254741282E0	5.120259375E0	-3.787033597E-1	5.134245056E0
2.000000000E-1	1.284495448E-1	1.928869134E-1	9.363674018E-1	-8.594906544E-1	1.271026395E0	5.329330767E0	9.625136870E-1	5.415551590E0
2.100000000E-1	1.377819656E-1	1.842689262E-1	9.900341544E-1	-8.603080816E-1	1.311601167E0	7.208260560E0	1.493180411E0	7.361291194E0
2.200000000E-1	1.482502279E-1	1.756807518E-1	1.090907997E0	-8.326146772E-1	1.372343783E0			
2.600000000E-1	1.964815377E-1	1.431259750E-1	1.275086185E0	-7.952267202E-1	1.502740934E0			
2.700000000E-1	2.098607547E-1	1.344210308E-1	1.338111477E0	-8.326284026E-1	1.576011543E0	7.544564759E0	-2.710919673E0	8.016828729E0
2.800000000E-1	2.232437673E-1	1.264734070E-1	1.407210956E0	-8.237348042E-1	1.630577107E0	4.707732749E0	9.730783219E-1	4.807247556E0
2.900000000E-1	2.380049739E-1	1.179463347E-1	1.454951652E0	-8.300857430E-1	1.675090042E0	5.338687864E0	-6.706953125E-1	5.380652406E0
3.000000000E-1	2.523428003E-1	1.098716921E-1	1.490053490E0	-8.241612305E-1	1.702792159E0	3.629365909E0	2.873043115E0	4.628895509E0
3.100000000E-1	2.678060437E-1	1.014631101E-1	1.546600978E0	-7.881559739E-1	1.735846890E0	5.499802344E0	3.236831698E0	6.381606793E0
3.200000000E-1	2.832748199E-1	9.410857266E-2	1.586438352E0	-7.411655621E-1	1.751031992E0	4.341731700E0	3.837284837E0	5.794427415E0
3.300000000E-1	2.995348107E-1	8.663979888E-2	1.642361649E0	-7.238593970E-1	1.794804784E0	6.038392515E0	2.072751291E0	6.384237001E0
3.400000000E-1	3.161220529E-1	7.963138472E-2	1.700291503E0	-6.933834242E-1	1.836238484E0	7.262083702E0	4.205034380E0	8.391672887E0
3.500000000E-1	3.335406408E-1	7.277213040E-2	1.790231759E0	-6.465422993E-1	1.903403976E0	6.600367814E0	1.435415650E1	1.579894503E1
3.600000000E-1	3.519266880E-1	6.670053873E-2	1.839984423E0	-4.224941191E-1	1.887867569E0	-9.192480161E-1	6.091123428E0	6.160097526E0
3.700000000E-1	3.703403292E-1	6.432224802E-2	1.774834768E0	-4.476151156E-1	1.830409174E0	-3.942043837E-1	1.073866759E0	1.143934838E0
3.800000000E-1	3.874233834E-1	5.774823642E-2	1.799821169E0	-5.085944728E-1	1.870300665E0	3.267814423E0	4.920937380E0	5.907134314E0
3.900000000E-1	4.063367526E-1	5.415035856E-2	1.877779398E0	-2.870953681E-1	1.899599752E0	5.995164990E0	1.730546846E1	1.831450905E1
4.000000000E-1	4.249789713E-1	5.200632906E-2	1.897957793E0	-1.694025657E-1	1.905502825E0	1.744864425E0	1.230885176E1	1.243190989E1
4.100000000E-1	4.442959085E-1	5.076230725E-2	1.925182486E0	-4.919027006E-2	1.925810813E0	-5.928316200E-1	1.240178948E1	1.241595070E1
4.200000000E-1	4.634826211E-1	5.102252366E-2	1.884327625E0	8.523470587E-2	1.886254372E0	-1.921770874E0	1.479370244E1	1.491800373E1
4.300000000E-1	4.819824610E-1	5.246700136E-2	1.874379680E0	2.393060550E-1	1.889594288E0	-1.814772338E0	1.622429414E1	1.632547454E1
4.400000000E-1	5.009702147E-1	5.580864476E-2	1.864766953E0	4.165889955E-1	1.910733414E0	-5.006613809E0	1.517071191E1	1.597550255E1
4.500000000E-1	5.192778001E-1	6.079878127E-2	1.769759731E0	5.460058414E-1	1.852072322E0			
4.900000000E-1	5.831015081E-1	9.207244341E-2	1.383091971E0	9.607509299E-1	1.684038524E0			
5.000000000E-1	5.961649142E-1	1.020772305E-1	1.284797245E0	1.008379898E0	1.633258699E0	-7.607305512E0	4.322073710E0	8.749366738E0
5.100000000E-1	6.087974530E-1	1.122400414E-1	1.239192441E0	1.040337813E0	1.617992791E0	-5.476474424E0	1.281745761E-1	5.477974154E0
5.200000000E-1	6.209487631E-1	1.228839868E-1	1.176928224E0	1.022651318E0	1.559158671E0	-5.955014924E0	-1.782896882E0	6.216182433E0
5.300000000E-1	6.323360175E-1	1.326930677E-1	1.115878290E0	9.882655057E-1	1.490588161E0	-4.837923599E0	-3.274510981E0	5.841911238E0
5.400000000E-1	6.432663288E-1	1.426492969E-1	1.080840984E0	9.690260813E-1	1.451629698E0	-1.910497070E0	-3.522535164E0	4.007275014E0
5.500000000E-1	6.539528372E-1	1.520735894E-1	1.076349515E0	9.133227222E-1	1.411625543E0	-2.965193151E0	-6.590447384E0	7.226781244E0
5.600000000E-1	6.647933191E-1	1.609157514E-1	1.032799445E0	8.391399906E-1	1.330725598E0	-2.405619032E0	-6.867877057E0	7.277000632E0
5.700000000E-1	6.746088261E-1	1.688563892E-1	1.008626806E0	7.705967694E-1	1.269309818E0	-2.852482572E-1	-6.344738761E0	6.351147653E0
5.800000000E-1	6.849658553E-1	1.763276867E-1	1.041345657E0	7.163735560E-1	1.263958801E0	-2.321248932E-1	-5.827399859E0	5.832021183E0
5.900000000E-1	6.954357392E-1	1.831838603E-1	1.007385989E0	6.532391715E-1	1.200644804E0	-3.972963604E-1	-6.059841746E0	6.072851586E0
6.000000000E-1	7.051135750E-1	1.893924702E-1	1.014591768E0	5.941372336E-1	1.175753166E0	-9.958146808E-1	-7.476508458E0	7.542534428E0
6.100000000E-1	7.157275746E-1	1.950666050E-1	1.013363325E0	5.090383964E-1	1.134030563E0	5.073367907E-1	-8.782621269E0	8.797262471E0
6.200000000E-1	7.253808415E-1	1.995732381E-1	9.994518476E-1	4.112538199E-1	1.080756078E0	-9.409819401E-1	-7.650939843E0	7.708587905E0
6.300000000E-1	7.357166115E-1	2.032916814E-1	1.013958716E0	3.554422024E-1	1.074454018E0	-6.356063484E-1	-5.235947831E0	5.274385757E0
6.400000000E-1	7.456600159E-1	2.066820821E-1	9.785195954E-1	3.114236708E-1	1.026881347E0			
6.800000000E-1	7.868447681E-1	2.116390372E-1	9.294212191E-1	-5.514580504E-2	9.310557783E-1			
6.900000000E-1	7.965040862E-1	2.110678199E-1	9.901638039E-1	-8.248539238E-2	9.935935781E-1	5.233789426E0	-6.291061623E0	8.183520520E0
7.000000000E-1	8.066480442E-1	2.099893293E-1	1.033128534E0	-1.779212173E-1	1.048337030E0	2.175720789E0	-9.800566077E0	1.003916612E1
7.100000000E-1	8.171666569E-1	2.075093956E-1	1.037605283E0	-2.890313773E-1	1.077109029E0	3.939577026E-1	-9.996480568E0	1.000424042E1
7.200000000E-1	8.274001499E-1	2.042087018E-1	1.032894803E0	-3.733786286E-1	1.098309280E0	-3.435098237E-1	-6.951528291E0	6.960010386E0
7.300000000E-1	8.378245529E-1	2.000418230E-1	1.036366612E0	-4.323377467E-1	1.122929954E0	-9.468387620E-1	-5.976609986E0	6.051146220E0
7.400000000E-1	8.481274821E-1	1.955619468E-1	1.013288278E0	-4.857942382E-1	1.123721129E0	2.210193739E-1	-8.724928274E0	8.727727250E0
7.500000000E-1	8.580903185E-1	1.903259382E-1	1.031732131E0	-6.039273024E-1	1.195491270E0	1.989971843E0	-1.084791299E1	1.102892579E1
7.600000000E-1	8.687621247E-1	1.834834008E-1	1.065837032E0	-7.157959366E-1	1.283889560E0	-4.169161476E-1	-7.709697299E0	7.720961826E0
7.700000000E-1	8.794070591E-1	1.760100195E-1	1.023764302E0	-7.546181011E-1	1.271826177E0	-1.731399492E0	-5.730401236E0	5.986254465E0
7.800000000E-1	8.892374108E-1	1.683910388E-1	1.015172972E0	-8.197179445E-1	1.304804074E0	5.006696409E-1	-7.028477342E0	7.046287238E0
7.900000000E-1	8.997105185E-1	1.596156606E-1	1.048594925E0	-9.065263900E-1	1.386124602E0	2.726475505E0	-9.169890498E0	9.566637885E0
8.000000000E-1	9.102093093E-1	1.502605110E-1	1.063528366E0	-9.946853156E-1	1.456190737E0	1.519696212E0	-7.532219703E0	7.683997022E0
8.100000000E-1	9.209810859E-1	1.397219543E-1	1.082014256E0	-1.067925410E0	1.520269559E0	7.313478513E-1	-5.621711605E0	5.669083793E0
8.200000000E-1	9.318495944E-1	1.289020028E-1	1.078745251E0	-1.100100141E0	1.540750348E0	1.135728020E0	-1.984568798E0	2.286567613E0
8.300000000E-1	9.425559909E-1	1.177199515E-1	1.097836696E0	-1.111707858E0	1.562414725E0	1.788500198E0	-1.489307748E0	2.327395653E0
8.400000000E-1	9.538063283E-1	1.066678456E-1	1.123642527E0	-1.122914391E0	1.588555715E0	5.691503034E0	-2.980184808E0	6.424539538E0
8.500000000E-1	9.650288414E-1	9.526166367E-2	1.196742392E0	-1.172712993E0	1.675544126E0			
9.000000000E-1	1.036497841E0	3.984598468E-2	1.623674379E0	-9.052487324E-1	1.858976534E0			
9.100000000E-1	1.053794425E0	3.094168222E-2	1.706290099E0	-7.579032849E-1	1.867041320E0	7.844130980E0	1.474137817E1	1.669846164E1
9.200000000E-1	1.070623643E0	2.468791898E-2	1.749262507E0	-5.810111340E-1	1.843229030E0	7.824014954E0	1.653730721E1	1.829474624E1
9.300000000E-1	1.088779675E0	1.932145954E-2	1.876380728E0	-4.463178137E-1	1.928731248E0	7.096933946E0	1.552593208E1	1.707105850E1
9.400000000E-1	1.108151258E0	1.576156271E-2	1.903847594E0	-2.641432574E-1	1.922084109E0	4.086727528E0	1.887418311E1	1.931155431E1
9.500000000E-1	1.126856627E0	1.403859439E-2	1.931243150E0	-7.009639629E-2	1.932514841E0	1.843597389E-2	2.082748109E1	2.082748925E1
9.600000000E-1	1.146776121E0	1.435963478E-2	1.934523312E0	1.514378792E-1	1.940441670E0	7.491439143E-1	2.044310907E1	2.045683077E1
9.700000000E-1	1.165547094E0	1.706735198E-2	1.915640161E0	3.473249327E-1	1.946872322E0			
