mass_A
t	x	y	v_{x}	v_{y}	v	a_{x}	a_{y}	a
2.000000000E-2	3.645991924E-3	4.068136865E-1	1.495910468E-2	6.718169352E-4	1.497418281E-2			
3.000000000E-2	3.689012602E-3	4.067930974E-1	5.702060283E-4	-6.235387449E-4	8.449470286E-4	-5.410256601E-1	6.129258862E-3	5.410603780E-1
4.000000000E-2	3.657396044E-3	4.068012157E-1	3.625224724E-3	1.496766191E-3	3.922061107E-3	5.544323059E-1	-8.063808593E-1	9.785935172E-1
5.000000000E-2	3.761517097E-3	4.068230327E-1	1.366621163E-2	-1.439273854E-2	1.984732383E-2	3.719435213E-1	-4.621708195E0	4.636650582E0
6.000000000E-2	3.930720277E-3	4.065133609E-1	1.176128955E-2	-8.767034483E-2	8.845573635E-2	1.281091769E0	-7.306629571E0	7.418088150E0
7.000000000E-2	3.996742888E-3	4.050696258E-1	3.350580334E-2	-1.706103416E-1	1.738692828E-1	2.570011783E0	-6.743497559E0	7.216628014E0
8.000000000E-2	4.600836344E-3	4.031011541E-1	7.018826689E-2	-2.187999649E-1	2.297821087E-1	3.463896766E0	-6.102906689E0	7.017410553E0
9.000000000E-2	5.400508225E-3	4.006936265E-1	9.901345738E-2	-2.883876075E-1	3.049115887E-1	1.629974981E0	-7.013485274E0	7.200402359E0
1.000000000E-1	6.581105491E-3	3.973334020E-1	1.082359637E-1	-3.653533797E-1	3.810487054E-1	1.818855903E0	-8.180218985E0	8.379989226E0
1.100000000E-1	7.565227499E-3	3.933865589E-1	1.259315542E-1	-4.462069034E-1	4.636370962E-1	2.766673026E0	-7.961390548E0	8.428417354E0
1.200000000E-1	9.099736576E-3	3.884092639E-1	1.704124184E-1	-5.304390124E-1	5.571408603E-1	4.418095220E0	-7.923591690E0	9.072092958E0
1.300000000E-1	1.097347587E-2	3.827777786E-1	2.117289759E-1	-6.012245143E-1	6.374167207E-1	3.921605749E0	-6.978951387E0	8.005295380E0
1.400000000E-1	1.333431609E-2	3.763847736E-1	2.512180424E-1	-6.716086563E-1	7.170555711E-1	1.267235174E0	-5.493874978E0	5.638133314E0
1.500000000E-1	1.599783671E-2	3.693456055E-1	2.414726013E-1	-7.135214028E-1	7.532740600E-1	1.683122577E0	-5.608225450E0	5.855347496E0
1.600000000E-1	1.816376812E-2	3.621143456E-1	2.682329571E-1	-7.745548985E-1	8.196854336E-1	2.993133976E0	-6.016084864E0	6.719533323E0
1.700000000E-1	2.136249586E-2	3.538545075E-1	3.196723542E-1	-8.445173389E-1	9.029949888E-1	4.330963084E0	-7.479377366E0	8.642819390E0
1.800000000E-1	2.455721520E-2	3.452239988E-1	3.439246013E-1	-9.147107716E-1	9.772307440E-1	4.206831061E0	-4.610457121E0	6.241293331E0
1.900000000E-1	2.824098788E-2	3.355602921E-1	4.055182311E-1	-9.510302857E-1	1.033877962E0	5.335287969E0	-6.965619505E0	8.774118349E0
2.000000000E-1	3.266757982E-2	3.262033931E-1	4.558626223E-1	-1.028938923E0	1.125400390E0	5.326169885E0	-6.328356243E0	8.271407280E0
2.100000000E-1	3.735824033E-2	3.149815137E-1	5.053279181E-1	-1.108401029E0	1.218158095E0	5.835123819E0	-5.189414785E0	7.808885695E0
2.200000000E-1	4.277413819E-2	3.040353725E-1	5.761082230E-1	-1.112860226E0	1.253139484E0	4.771432126E0	-2.393830789E0	5.338257242E0
2.300000000E-1	4.888040479E-2	2.927243091E-1	6.060871989E-1	-1.159416122E0	1.308276514E0	4.868270261E0	-5.496827316E0	7.342694728E0
2.400000000E-1	5.489588217E-2	2.808470500E-1	6.590332219E-1	-1.223209597E0	1.389448274E0	6.966931073E0	-5.211877917E0	8.700678135E0
2.500000000E-1	6.206106923E-2	2.682601172E-1	7.567512348E-1	-1.268365830E0	1.476964559E0	8.621814222E0	-1.969659242E0	8.843937925E0
2.600000000E-1	7.003090686E-2	2.554797335E-1	8.300312352E-1	-1.262514906E0	1.510925458E0	8.435851301E0	-1.510669797E0	8.570047281E0
2.700000000E-1	7.866169393E-2	2.430098191E-1	9.209023684E-1	-1.287040817E0	1.582572348E0	7.538288303E0	-9.494220915E-1	7.597841329E0
2.800000000E-1	8.844895423E-2	2.297389171E-1	9.908631113E-1	-1.299154482E0	1.633894756E0	1.004448436E1	-1.111060823E0	1.010574699E1
2.900000000E-1	9.847895616E-2	2.170267294E-1	1.102749385E0	-1.292516525E0	1.699015943E0	1.116193998E1	7.310024182E-1	1.118585127E1
3.000000000E-1	1.105039419E-1	2.038885866E-1	1.236071657E0	-1.297010818E0	1.791678041E0	1.115244866E1	2.799178077E0	1.149836984E1
3.100000000E-1	1.232003893E-1	1.910865131E-1	1.314703776E0	-1.235129177E0	1.803881954E0	6.116718471E0	4.462353136E0	7.571449027E0
3.200000000E-1	1.367980175E-1	1.791860031E-1	1.365643751E0	-1.196380549E0	1.815574089E0			
3.600000000E-1	1.997343611E-1	1.348693485E-1	1.663700482E0	-9.829223901E-1	1.932365317E0			
3.700000000E-1	2.164711482E-1	1.254577910E-1	1.708166620E0	-9.770145840E-1	1.967839094E0	3.856449242E0	-3.709887134E0	5.351211387E0
3.800000000E-1	2.338976935E-1	1.153290569E-1	1.748432299E0	-1.065774829E0	2.047655120E0	4.955021980E0	-1.908509403E0	5.309863554E0
3.900000000E-1	2.514397941E-1	1.041422944E-1	1.797768389E0	-1.036864207E0	2.075345408E0	7.686795164E0	4.784211004E0	9.054031965E0
4.000000000E-1	2.698530613E-1	9.459177272E-2	1.904730376E0	-9.411451170E-1	2.124559233E0	8.722410626E0	7.068891401E0	1.122718454E1
4.100000000E-1	2.895344017E-1	8.531939206E-2	1.982112407E0	-9.062050819E-1	2.179444251E0	5.923675568E0	5.994902077E0	8.427857566E0
4.200000000E-1	3.094953094E-1	7.646767108E-2	2.015383881E0	-8.257178386E-1	2.177976616E0	5.677100023E0	8.570675618E0	1.028036698E1
4.300000000E-1	3.298420793E-1	6.880503528E-2	2.091108211E0	-7.264911290E-1	2.213712473E0	6.811384108E0	8.703206921E0	1.105173128E1
4.400000000E-1	3.513174736E-1	6.193784850E-2	2.162798714E0	-6.535254923E-1	2.259379084E0	5.444462814E0	9.349553293E0	1.081925700E1
4.500000000E-1	3.730980536E-1	5.573452544E-2	2.194015951E0	-5.462773533E-1	2.261000871E0	2.512144227E0	1.159799948E1	1.186694824E1
4.600000000E-1	3.951977926E-1	5.101230143E-2	2.214740216E0	-4.135330250E-1	2.253016597E0	1.850476449E0	1.490071867E1	1.501518165E1
4.700000000E-1	4.173928579E-1	4.746386494E-2	2.228782444E0	-2.561700888E-1	2.243455882E0	3.887749017E-1	1.700401611E1	1.700845995E1
4.800000000E-1	4.397734415E-1	4.588889966E-2	2.226181736E0	-6.662596269E-2	2.227178515E0	-2.468241288E0	1.780762599E1	1.797786858E1
4.900000000E-1	4.619164926E-1	4.613134568E-2	2.179649908E0	1.008986488E-1	2.181984019E0	-2.968658505E-1	1.992737804E1	1.992958918E1
5.000000000E-1	4.833664397E-1	4.790687263E-2	2.203658983E0	3.204301761E-1	2.226833718E0	-1.338499919E0	2.324887837E1	2.328737700E1
5.100000000E-1	5.059896723E-1	5.253994921E-2	2.185558298E0	5.791927608E-1	2.261001841E0	-1.120360940E1	2.573741029E1	2.807018261E1
5.200000000E-1	5.270776056E-1	5.949072785E-2	1.969213337E0	8.287774079E-1	2.136509574E0	-9.800561206E0	1.782078835E1	2.033793248E1
5.300000000E-1	5.453739390E-1	6.911549737E-2	1.944258477E0	9.579063288E-1	2.167423715E0	-7.859994301E0	1.298832932E1	1.518144291E1
5.400000000E-1	5.659627752E-1	7.864885443E-2	1.888976006E0	1.053787860E0	2.163030098E0	-1.098337111E1	1.145684319E1	1.587115928E1
5.500000000E-1	5.831534591E-1	9.019125456E-2	1.667095678E0	1.208627161E0	2.059123021E0	-1.642423907E1	9.707016237E0	1.907830687E1
5.600000000E-1	5.993046887E-1	1.028213977E-1	1.575565463E0	1.250854218E0	2.011726324E0	-8.485654273E0	5.736837911E0	1.024293111E1
5.700000000E-1	6.146647684E-1	1.152083389E-1	1.498817980E0	1.302941779E0	1.985979007E0	-6.002263639E0	1.223761307E0	6.125745712E0
5.800000000E-1	6.292810483E-1	1.288802332E-1	1.451930856E0	1.304393867E0	1.951805977E0	-4.331723861E0	-2.358329028E0	4.932093614E0
5.900000000E-1	6.437033855E-1	1.412962163E-1	1.418164244E0	1.230273239E0	1.877434970E0	-2.619444943E0	-8.349853002E0	8.751087759E0
6.000000000E-1	6.576443332E-1	1.534856980E-1	1.394055832E0	1.152608908E0	1.808839119E0	-4.635761567E-1	-6.943882627E0	6.959339681E0
6.100000000E-1	6.715845022E-1	1.643483944E-1	1.410032193E0	1.075585659E0	1.773436014E0	-1.150617365E-1	-8.545019997E0	8.545794635E0
6.200000000E-1	6.858449771E-1	1.749974112E-1	1.400049901E0	9.977290671E-1	1.719186731E0	-3.410209101E-1	-7.997103790E0	8.004371574E0
6.300000000E-1	6.995855002E-1	1.843029758E-1	1.391065532E0	9.020500375E-1	1.657937750E0	-2.086895974E-2	-9.991657687E0	9.991679481E0
6.400000000E-1	7.136662877E-1	1.930384119E-1	1.408191304E0	8.086218481E-1	1.623844833E0	-5.233424798E-1	-9.551297134E0	9.565624093E0
6.500000000E-1	7.277493263E-1	2.004754127E-1	1.381963314E0	7.024414524E-1	1.550240819E0	-1.500056927E-1	-1.112029830E1	1.112130999E1
6.600000000E-1	7.413055540E-1	2.070872410E-1	1.392395934E0	5.933873152E-1	1.513563656E0	-2.959509163E0	-9.976730005E0	1.040643244E1
6.700000000E-1	7.555972449E-1	2.123431590E-1	1.348558485E0	4.939509214E-1	1.436174606E0	-3.820899148E-1	-9.064878200E0	9.072927283E0
6.800000000E-1	7.682767237E-1	2.169662594E-1	1.345404055E0	4.189315058E-1	1.409118759E0	3.061998594E0	-1.014397070E1	1.059603591E1
6.900000000E-1	7.825053260E-1	2.207217891E-1	1.440871550E0	2.947421673E-1	1.470708595E0	1.067477913E0	-9.652464522E0	9.711311983E0
7.000000000E-1	7.970941547E-1	2.228611028E-1	1.373090576E0	2.096079742E-1	1.388997204E0	-2.384981661E0	-8.757866250E0	9.076803334E0
7.100000000E-1	8.099671376E-1	2.249139486E-1	1.356238227E0	1.393178138E-1	1.363375070E0	5.455403390E-1	-9.157346090E0	9.173581726E0
7.200000000E-1	8.242189192E-1	2.256474590E-1	1.417107502E0	1.637103156E-2	1.417202061E0	2.569408958E0	-1.066573538E1	1.097086020E1
7.300000000E-1	8.383092876E-1	2.252413693E-1	1.397167551E0	-7.582256034E-2	1.399223437E0	-1.387487853E0	-9.668060783E0	9.767114305E0
7.400000000E-1	8.521622702E-1	2.241310078E-1	1.386891822E0	-1.704268231E-1	1.397323952E0	-1.040980164E0	-9.518272302E0	9.575027275E0
7.500000000E-1	8.660471240E-1	2.218328328E-1	1.379747176E0	-2.720876661E-1	1.406319298E0	1.095306308E-1	-1.189964608E1	1.190015015E1
7.600000000E-1	8.797572138E-1	2.186892545E-1	1.384439507E0	-3.998057105E-1	1.441012614E0	5.468476868E-1	-1.213551063E1	1.214782534E1
7.700000000E-1	8.937359142E-1	2.138367186E-1	1.396032277E0	-5.271830432E-1	1.492256037E0	-2.305292844E-1	-9.382367825E0	9.385199505E0
7.800000000E-1	9.076778593E-1	2.081455936E-1	1.379486363E0	-5.849618726E-1	1.498386805E0	-4.864520599E-1	-7.651943263E0	7.667390123E0
7.900000000E-1	9.213256414E-1	2.021374811E-1	1.380165290E0	-6.690167398E-1	1.533766483E0	5.797020999E-1	-9.779857530E0	9.797023417E0
8.000000000E-1	9.352811651E-1	1.947652589E-1	1.397324689E0	-7.902121235E-1	1.605288599E0	2.183005709E-1	-1.136737384E1	1.136946979E1
8.100000000E-1	9.492721352E-1	1.863332387E-1	1.384871710E0	-8.944407298E-1	1.648603613E0	-1.204630102E0	-1.032371334E1	1.039375730E1
8.200000000E-1	9.629785993E-1	1.768764443E-1	1.369131013E0	-9.964964624E-1	1.693376783E0	-8.658851102E-1	-1.054068581E1	1.057619092E1
8.300000000E-1	9.766547555E-1	1.664033094E-1	1.368961022E0	-1.104311242E0	1.758851216E0	1.432138498E-1	-1.025232407E1	1.025332429E1
8.400000000E-1	9.903578197E-1	1.547902194E-1	1.372309959E0	-1.204411013E0	1.825880749E0	-3.869655204E-1	-9.570881141E0	9.578700753E0
8.500000000E-1	1.004100955E0	1.423150892E-1	1.363190890E0	-1.293352668E0	1.879108972E0	-9.797604604E-1	-8.427422851E0	8.484184491E0
8.600000000E-1	1.017621638E0	1.289231660E-1	1.349602852E0	-1.374810734E0	1.926533782E0	-5.043102075E-1	-7.831930439E0	7.848150304E0
8.700000000E-1	1.031093012E0	1.148188745E-1	1.353132741E0	-1.448220662E0	1.981996797E0	-4.035683894E-2	-7.103285257E0	7.103399898E0
8.800000000E-1	1.044684292E0	9.995875280E-2	1.351894272E0	-1.518013979E0	2.032728354E0	1.113638914E0	-9.445488047E0	9.510911422E0
